1.398823242187500000e+02 2.632585449218750000e+02
1.431937561035156250e+02 2.924993896484375000e+02
1.490110778808593750e+02 3.186733093261718750e+02
1.552246704101562500e+02 3.431518249511718750e+02
1.633300170898437500e+02 3.697701721191406250e+02
1.786272888183593750e+02 3.916295471191406250e+02
1.972781066894531250e+02 4.058096923828125000e+02
2.228288574218750000e+02 4.172605895996093750e+02
2.591881408691406250e+02 4.238886718750000000e+02
2.944052734375000000e+02 4.159356994628906250e+02
3.176874084472656250e+02 4.045524902343750000e+02
3.343230285644531250e+02 3.907694396972656250e+02
3.471626892089843750e+02 3.689667053222656250e+02
3.543953552246093750e+02 3.427510681152343750e+02
3.598292541503906250e+02 3.184441528320312500e+02
3.650064392089843750e+02 2.915993347167968750e+02
3.669940490722656250e+02 2.614583435058593750e+02
1.657635803222656250e+02 2.244414978027343750e+02
1.791704711914062500e+02 2.098386535644531250e+02
1.961086120605468750e+02 2.050795593261718750e+02
2.128305969238281250e+02 2.068258361816406250e+02
2.276647644042968750e+02 2.115640563964843750e+02
2.875724182128906250e+02 2.122982482910156250e+02
3.021480407714843750e+02 2.072395935058593750e+02
3.183701782226562500e+02 2.046782531738281250e+02
3.349860534667968750e+02 2.094714050292968750e+02
3.474796447753906250e+02 2.235532531738281250e+02
2.582602844238281250e+02 2.445572814941406250e+02
2.576724243164062500e+02 2.646340026855468750e+02
2.577337341308593750e+02 2.850380249023437500e+02
2.580994262695312500e+02 3.022496032714843750e+02
2.377265014648437500e+02 3.172301330566406250e+02
2.459561462402343750e+02 3.194685974121093750e+02
2.579682922363281250e+02 3.217993774414062500e+02
2.700879211425781250e+02 3.192159118652343750e+02
2.783459777832031250e+02 3.168760070800781250e+02
1.875206604003906250e+02 2.477724609375000000e+02
1.968369750976562500e+02 2.399104919433593750e+02
2.106879882812500000e+02 2.390661315917968750e+02
2.230133361816406250e+02 2.461666564941406250e+02
2.115918579101562500e+02 2.489216003417968750e+02
1.976527099609375000e+02 2.500086364746093750e+02
2.908268737792968750e+02 2.459796752929687500e+02
3.038013000488281250e+02 2.390337829589843750e+02
3.173293151855468750e+02 2.399840393066406250e+02
3.266790466308593750e+02 2.475169372558593750e+02
3.165072326660156250e+02 2.493451232910156250e+02
3.025838317871093750e+02 2.482276306152343750e+02
2.153958129882812500e+02 3.541536560058593750e+02
2.306976013183593750e+02 3.462136230468750000e+02
2.489552917480468750e+02 3.404427185058593750e+02
2.586495971679687500e+02 3.423146972656250000e+02
2.682899169921875000e+02 3.404151611328125000e+02
2.873769836425781250e+02 3.446819152832031250e+02
3.011188659667968750e+02 3.512015991210937500e+02
2.857556457519531250e+02 3.578802490234375000e+02
2.730115661621093750e+02 3.623211364746093750e+02
2.594198303222656250e+02 3.638171997070312500e+02
2.455362548828125000e+02 3.630820922851562500e+02
2.325920410156250000e+02 3.591180419921875000e+02
2.192891235351562500e+02 3.535970153808593750e+02
2.457729187011718750e+02 3.501937866210937500e+02
2.586577453613281250e+02 3.505770874023437500e+02
2.714821166992187500e+02 3.497824401855468750e+02
2.984725646972656250e+02 3.506459655761718750e+02
2.713191528320312500e+02 3.506546325683593750e+02
2.589839477539062500e+02 3.519662780761718750e+02
2.465142211914062500e+02 3.512106933593750000e+02
